Iter,Time,S,E,I,R
0,0.0,85.0,15.0,0.0,0.0
1,1.0,85.0,14.0,1.0,0.0
2,2.0,85.0,13.0,2.0,0.0
3,3.0,85.0,12.0,3.0,0.0
4,4.0,85.0,12.0,2.0,1.0
5,5.0,85.0,11.0,3.0,1.0
6,6.0,85.0,10.0,4.0,1.0
7,7.0,85.0,9.0,5.0,1.0
8,8.0,85.0,9.0,4.0,2.0
9,9.0,85.0,9.0,3.0,3.0
10,10.0,85.0,9.0,2.0,4.0
11,11.0,84.0,10.0,2.0,4.0
12,12.0,84.0,9.0,3.0,4.0
13,13.0,84.0,8.0,4.0,4.0
14,14.0,83.0,9.0,4.0,4.0
15,15.0,83.0,8.0,5.0,4.0
16,16.0,83.0,7.0,6.0,4.0
17,17.0,82.0,8.0,6.0,4.0
18,18.0,81.0,9.0,6.0,4.0
19,19.0,81.0,8.0,7.0,4.0
20,20.0,80.0,9.0,7.0,4.0
21,21.0,80.0,8.0,8.0,4.0
22,22.0,79.0,9.0,8.0,4.0
23,23.0,79.0,8.0,9.0,4.0
24,24.0,79.0,7.0,10.0,4.0
25,25.0,78.0,8.0,10.0,4.0
26,26.0,77.0,9.0,10.0,4.0
27,27.0,76.0,10.0,10.0,4.0
28,28.0,75.0,11.0,10.0,4.0
29,29.0,74.0,12.0,10.0,4.0
30,30.0,74.0,11.0,11.0,4.0
31,31.0,74.0,10.0,12.0,4.0
32,32.0,73.0,11.0,12.0,4.0
33,33.0,73.0,10.0,13.0,4.0
34,34.0,72.0,11.0,13.0,4.0
35,35.0,72.0,11.0,12.0,5.0
36,36.0,72.0,10.0,13.0,5.0
37,37.0,71.0,11.0,13.0,5.0
38,38.0,71.0,10.0,14.0,5.0
39,39.0,71.0,9.0,15.0,5.0
40,40.0,71.0,9.0,14.0,6.0
41,41.0,71.0,8.0,15.0,6.0
42,42.0,70.0,9.0,15.0,6.0
43,43.0,70.0,9.0,14.0,7.0
44,44.0,70.0,8.0,15.0,7.0
45,45.0,69.0,9.0,15.0,7.0
46,46.0,69.0,9.0,14.0,8.0
47,47.0,69.0,9.0,13.0,9.0
48,48.0,68.0,10.0,13.0,9.0
49,49.0,67.0,11.0,13.0,9.0
50,50.0,66.0,12.0,13.0,9.0
51,51.0,66.0,12.0,12.0,10.0
52,52.0,65.0,13.0,12.0,10.0
53,53.0,64.0,14.0,12.0,10.0
54,54.0,63.0,15.0,12.0,10.0
55,55.0,62.0,16.0,12.0,10.0
56,56.0,62.0,15.0,13.0,10.0
57,57.0,61.0,16.0,13.0,10.0
58,58.0,61.0,15.0,14.0,10.0
59,59.0,61.0,15.0,13.0,11.0
60,60.0,61.0,15.0,12.0,12.0
61,61.0,61.0,15.0,11.0,13.0
62,62.0,60.0,16.0,11.0,13.0
63,63.0,59.0,17.0,11.0,13.0
64,64.0,59.0,16.0,12.0,13.0
65,65.0,59.0,15.0,13.0,13.0
66,66.0,59.0,15.0,12.0,14.0
67,67.0,59.0,14.0,13.0,14.0
68,68.0,59.0,14.0,12.0,15.0
69,69.0,59.0,13.0,13.0,15.0
70,70.0,59.0,13.0,12.0,16.0
71,71.0,59.0,12.0,13.0,16.0
72,72.0,59.0,12.0,12.0,17.0
73,73.0,58.0,13.0,12.0,17.0
74,74.0,58.0,12.0,13.0,17.0
75,75.0,58.0,12.0,12.0,18.0
76,76.0,58.0,12.0,11.0,19.0
77,77.0,57.0,13.0,11.0,19.0
78,78.0,56.0,14.0,11.0,19.0
79,79.0,56.0,14.0,10.0,20.0
80,80.0,56.0,14.0,9.0,21.0
81,81.0,56.0,14.0,8.0,22.0
82,82.0,56.0,13.0,9.0,22.0
83,83.0,56.0,13.0,8.0,23.0
84,84.0,56.0,13.0,7.0,24.0
85,85.0,56.0,12.0,8.0,24.0
86,86.0,56.0,11.0,9.0,24.0
87,87.0,56.0,10.0,10.0,24.0
88,88.0,56.0,10.0,9.0,25.0
89,89.0,55.0,11.0,9.0,25.0
90,90.0,55.0,10.0,10.0,25.0
91,91.0,55.0,10.0,9.0,26.0
92,92.0,54.0,11.0,9.0,26.0
93,93.0,54.0,10.0,10.0,26.0
94,94.0,54.0,10.0,9.0,27.0
95,95.0,54.0,9.0,10.0,27.0
96,96.0,54.0,9.0,9.0,28.0
97,97.0,54.0,8.0,10.0,28.0
98,98.0,54.0,7.0,11.0,28.0
99,99.0,54.0,6.0,12.0,28.0
100,100.0,54.0,6.0,11.0,29.0
101,101.0,53.0,7.0,11.0,29.0
102,102.0,53.0,6.0,12.0,29.0
103,103.0,52.0,7.0,12.0,29.0
104,104.0,51.0,8.0,12.0,29.0
105,105.0,51.0,7.0,13.0,29.0
106,106.0,50.0,8.0,13.0,29.0
107,107.0,50.0,7.0,14.0,29.0
108,108.0,50.0,6.0,15.0,29.0
109,109.0,49.0,7.0,15.0,29.0
110,110.0,49.0,6.0,16.0,29.0
111,111.0,48.0,7.0,16.0,29.0
112,112.0,47.0,8.0,16.0,29.0
113,113.0,47.0,8.0,15.0,30.0
114,114.0,47.0,8.0,14.0,31.0
115,115.0,46.0,9.0,14.0,31.0
116,116.0,45.0,10.0,14.0,31.0
117,117.0,45.0,9.0,15.0,31.0
118,118.0,44.0,10.0,15.0,31.0
119,119.0,43.0,11.0,15.0,31.0
120,120.0,43.0,10.0,16.0,31.0
121,121.0,43.0,9.0,17.0,31.0
122,122.0,43.0,8.0,18.0,31.0
123,123.0,43.0,8.0,17.0,32.0
124,124.0,43.0,7.0,18.0,32.0
125,125.0,43.0,7.0,17.0,33.0
126,126.0,42.0,8.0,17.0,33.0
127,127.0,42.0,7.0,18.0,33.0
128,128.0,42.0,7.0,17.0,34.0
129,129.0,41.0,8.0,17.0,34.0
130,130.0,40.0,9.0,17.0,34.0
131,131.0,40.0,9.0,16.0,35.0
132,132.0,39.0,10.0,16.0,35.0
133,133.0,38.0,11.0,16.0,35.0
134,134.0,38.0,10.0,17.0,35.0
135,135.0,38.0,10.0,16.0,36.0
136,136.0,38.0,9.0,17.0,36.0
137,137.0,38.0,9.0,16.0,37.0
138,138.0,38.0,8.0,17.0,37.0
139,139.0,38.0,8.0,16.0,38.0
140,140.0,38.0,7.0,17.0,38.0
141,141.0,37.0,8.0,17.0,38.0
142,142.0,37.0,8.0,16.0,39.0
143,143.0,37.0,8.0,15.0,40.0
144,144.0,37.0,8.0,14.0,41.0
145,145.0,37.0,8.0,13.0,42.0
146,146.0,36.0,9.0,13.0,42.0
147,147.0,35.0,10.0,13.0,42.0
148,148.0,34.0,11.0,13.0,42.0
149,149.0,34.0,10.0,14.0,42.0
150,150.0,34.0,9.0,15.0,42.0
151,151.0,34.0,9.0,14.0,43.0
152,152.0,33.0,10.0,14.0,43.0
153,153.0,33.0,9.0,15.0,43.0
154,154.0,33.0,9.0,14.0,44.0
155,155.0,33.0,9.0,13.0,45.0
156,156.0,33.0,9.0,12.0,46.0
157,157.0,33.0,8.0,13.0,46.0
158,158.0,33.0,7.0,14.0,46.0
159,159.0,33.0,7.0,13.0,47.0
160,160.0,33.0,6.0,14.0,47.0
161,161.0,33.0,6.0,13.0,48.0
162,162.0,32.0,7.0,13.0,48.0
163,163.0,32.0,7.0,12.0,49.0
164,164.0,31.0,8.0,12.0,49.0
165,165.0,30.0,9.0,12.0,49.0
166,166.0,30.0,8.0,13.0,49.0
167,167.0,30.0,7.0,14.0,49.0
168,168.0,30.0,7.0,13.0,50.0
169,169.0,29.0,8.0,13.0,50.0
170,170.0,29.0,8.0,12.0,51.0
171,171.0,29.0,7.0,13.0,51.0
172,172.0,29.0,7.0,12.0,52.0
173,173.0,28.0,8.0,12.0,52.0
174,174.0,28.0,8.0,11.0,53.0
175,175.0,28.0,8.0,10.0,54.0
176,176.0,27.0,9.0,10.0,54.0
177,177.0,27.0,8.0,11.0,54.0
178,178.0,26.0,9.0,11.0,54.0
179,179.0,26.0,8.0,12.0,54.0
180,180.0,25.0,9.0,12.0,54.0
181,181.0,25.0,9.0,11.0,55.0
182,182.0,25.0,8.0,12.0,55.0
183,183.0,25.0,8.0,11.0,56.0
184,184.0,25.0,8.0,10.0,57.0
185,185.0,24.0,9.0,10.0,57.0
186,186.0,24.0,9.0,9.0,58.0
187,187.0,24.0,8.0,10.0,58.0
188,188.0,24.0,8.0,9.0,59.0
189,189.0,24.0,8.0,8.0,60.0
190,190.0,24.0,8.0,7.0,61.0
191,191.0,24.0,7.0,8.0,61.0
192,192.0,24.0,6.0,9.0,61.0
193,193.0,24.0,6.0,8.0,62.0
194,194.0,24.0,5.0,9.0,62.0
195,195.0,24.0,5.0,8.0,63.0
196,196.0,24.0,5.0,7.0,64.0
197,197.0,24.0,4.0,8.0,64.0
198,198.0,23.0,5.0,8.0,64.0
199,199.0,23.0,4.0,9.0,64.0
200,200.0,22.0,5.0,9.0,64.0
201,201.0,22.0,5.0,8.0,65.0
202,202.0,22.0,4.0,9.0,65.0
203,203.0,22.0,4.0,8.0,66.0
204,204.0,22.0,4.0,7.0,67.0
205,205.0,22.0,4.0,6.0,68.0
206,206.0,21.0,5.0,6.0,68.0
207,207.0,21.0,4.0,7.0,68.0
208,208.0,21.0,4.0,6.0,69.0
209,209.0,21.0,3.0,7.0,69.0
210,210.0,21.0,3.0,6.0,70.0
211,211.0,20.0,4.0,6.0,70.0
212,212.0,20.0,3.0,7.0,70.0
213,213.0,19.0,4.0,7.0,70.0
214,214.0,19.0,4.0,6.0,71.0
215,215.0,19.0,3.0,7.0,71.0
216,216.0,18.0,4.0,7.0,71.0
217,217.0,18.0,4.0,6.0,72.0
218,218.0,17.0,5.0,6.0,72.0
219,219.0,16.0,6.0,6.0,72.0
220,220.0,15.0,7.0,6.0,72.0
221,221.0,15.0,6.0,7.0,72.0
222,222.0,15.0,5.0,8.0,72.0
223,223.0,15.0,5.0,7.0,73.0
224,224.0,15.0,5.0,6.0,74.0
225,225.0,14.0,6.0,6.0,74.0
226,226.0,14.0,5.0,7.0,74.0
227,227.0,13.0,6.0,7.0,74.0
228,228.0,13.0,5.0,8.0,74.0
229,229.0,13.0,4.0,9.0,74.0
230,230.0,13.0,4.0,8.0,75.0
231,231.0,13.0,4.0,7.0,76.0
232,232.0,13.0,4.0,6.0,77.0
233,233.0,13.0,3.0,7.0,77.0
234,234.0,12.0,4.0,7.0,77.0
235,235.0,12.0,3.0,8.0,77.0
236,236.0,12.0,2.0,9.0,77.0
237,237.0,11.0,3.0,9.0,77.0
238,238.0,11.0,3.0,8.0,78.0
239,239.0,11.0,3.0,7.0,79.0
240,240.0,11.0,3.0,6.0,80.0
241,241.0,11.0,3.0,5.0,81.0
242,242.0,11.0,2.0,6.0,81.0
243,243.0,11.0,2.0,5.0,82.0
244,244.0,10.0,3.0,5.0,82.0
245,245.0,10.0,3.0,4.0,83.0
246,246.0,10.0,2.0,5.0,83.0
247,247.0,10.0,2.0,4.0,84.0
248,248.0,10.0,2.0,3.0,85.0
249,249.0,10.0,2.0,2.0,86.0
250,250.0,10.0,1.0,3.0,86.0
251,251.0,10.0,1.0,2.0,87.0
252,252.0,10.0,0.0,3.0,87.0
253,253.0,9.0,1.0,3.0,87.0
254,254.0,9.0,1.0,2.0,88.0
255,255.0,9.0,0.0,3.0,88.0
256,256.0,9.0,0.0,2.0,89.0
257,257.0,9.0,0.0,1.0,90.0
258,258.0,9.0,0.0,0.0,91.0
259,259.0,9.0,0.0,0.0,91.0
260,260.0,9.0,0.0,0.0,91.0
261,261.0,9.0,0.0,0.0,91.0
262,262.0,9.0,0.0,0.0,91.0
263,263.0,9.0,0.0,0.0,91.0
264,264.0,9.0,0.0,0.0,91.0
265,265.0,9.0,0.0,0.0,91.0
266,266.0,9.0,0.0,0.0,91.0
267,267.0,9.0,0.0,0.0,91.0
268,268.0,9.0,0.0,0.0,91.0
269,269.0,9.0,0.0,0.0,91.0
270,270.0,9.0,0.0,0.0,91.0
271,271.0,9.0,0.0,0.0,91.0
272,272.0,9.0,0.0,0.0,91.0
273,273.0,9.0,0.0,0.0,91.0
274,274.0,9.0,0.0,0.0,91.0
275,275.0,9.0,0.0,0.0,91.0
276,276.0,9.0,0.0,0.0,91.0
277,277.0,9.0,0.0,0.0,91.0
278,278.0,9.0,0.0,0.0,91.0
279,279.0,9.0,0.0,0.0,91.0
280,280.0,9.0,0.0,0.0,91.0
281,281.0,9.0,0.0,0.0,91.0
282,282.0,9.0,0.0,0.0,91.0
283,283.0,9.0,0.0,0.0,91.0
284,284.0,9.0,0.0,0.0,91.0
285,285.0,9.0,0.0,0.0,91.0
286,286.0,9.0,0.0,0.0,91.0
287,287.0,9.0,0.0,0.0,91.0
288,288.0,9.0,0.0,0.0,91.0
289,289.0,9.0,0.0,0.0,91.0
290,290.0,9.0,0.0,0.0,91.0
291,291.0,9.0,0.0,0.0,91.0
292,292.0,9.0,0.0,0.0,91.0
293,293.0,9.0,0.0,0.0,91.0
294,294.0,9.0,0.0,0.0,91.0
295,295.0,9.0,0.0,0.0,91.0
296,296.0,9.0,0.0,0.0,91.0
297,297.0,9.0,0.0,0.0,91.0
298,298.0,9.0,0.0,0.0,91.0
299,299.0,9.0,0.0,0.0,91.0
300,300.0,9.0,0.0,0.0,91.0
301,301.0,9.0,0.0,0.0,91.0
302,302.0,9.0,0.0,0.0,91.0
303,303.0,9.0,0.0,0.0,91.0
304,304.0,9.0,0.0,0.0,91.0
305,305.0,9.0,0.0,0.0,91.0
306,306.0,9.0,0.0,0.0,91.0
307,307.0,9.0,0.0,0.0,91.0
308,308.0,9.0,0.0,0.0,91.0
309,309.0,9.0,0.0,0.0,91.0
310,310.0,9.0,0.0,0.0,91.0
311,311.0,9.0,0.0,0.0,91.0
312,312.0,9.0,0.0,0.0,91.0
313,313.0,9.0,0.0,0.0,91.0
314,314.0,9.0,0.0,0.0,91.0
315,315.0,9.0,0.0,0.0,91.0
316,316.0,9.0,0.0,0.0,91.0
317,317.0,9.0,0.0,0.0,91.0
318,318.0,9.0,0.0,0.0,91.0
319,319.0,9.0,0.0,0.0,91.0
320,320.0,9.0,0.0,0.0,91.0
321,321.0,9.0,0.0,0.0,91.0
322,322.0,9.0,0.0,0.0,91.0
323,323.0,9.0,0.0,0.0,91.0
324,324.0,9.0,0.0,0.0,91.0
325,325.0,9.0,0.0,0.0,91.0
326,326.0,9.0,0.0,0.0,91.0
327,327.0,9.0,0.0,0.0,91.0
328,328.0,9.0,0.0,0.0,91.0
329,329.0,9.0,0.0,0.0,91.0
330,330.0,9.0,0.0,0.0,91.0
331,331.0,9.0,0.0,0.0,91.0
332,332.0,9.0,0.0,0.0,91.0
333,333.0,9.0,0.0,0.0,91.0
334,334.0,9.0,0.0,0.0,91.0
335,335.0,9.0,0.0,0.0,91.0
336,336.0,9.0,0.0,0.0,91.0
337,337.0,9.0,0.0,0.0,91.0
338,338.0,9.0,0.0,0.0,91.0
339,339.0,9.0,0.0,0.0,91.0
340,340.0,9.0,0.0,0.0,91.0
341,341.0,9.0,0.0,0.0,91.0
342,342.0,9.0,0.0,0.0,91.0
343,343.0,9.0,0.0,0.0,91.0
344,344.0,9.0,0.0,0.0,91.0
345,345.0,9.0,0.0,0.0,91.0
346,346.0,9.0,0.0,0.0,91.0
347,347.0,9.0,0.0,0.0,91.0
348,348.0,9.0,0.0,0.0,91.0
349,349.0,9.0,0.0,0.0,91.0
350,350.0,9.0,0.0,0.0,91.0
351,351.0,9.0,0.0,0.0,91.0
352,352.0,9.0,0.0,0.0,91.0
353,353.0,9.0,0.0,0.0,91.0
354,354.0,9.0,0.0,0.0,91.0
355,355.0,9.0,0.0,0.0,91.0
356,356.0,9.0,0.0,0.0,91.0
357,357.0,9.0,0.0,0.0,91.0
358,358.0,9.0,0.0,0.0,91.0
359,359.0,9.0,0.0,0.0,91.0
360,360.0,9.0,0.0,0.0,91.0
361,361.0,9.0,0.0,0.0,91.0
362,362.0,9.0,0.0,0.0,91.0
363,363.0,9.0,0.0,0.0,91.0
364,364.0,9.0,0.0,0.0,91.0
365,365.0,9.0,0.0,0.0,91.0
366,366.0,9.0,0.0,0.0,91.0
367,367.0,9.0,0.0,0.0,91.0
368,368.0,9.0,0.0,0.0,91.0
369,369.0,9.0,0.0,0.0,91.0
370,370.0,9.0,0.0,0.0,91.0
371,371.0,9.0,0.0,0.0,91.0
372,372.0,9.0,0.0,0.0,91.0
373,373.0,9.0,0.0,0.0,91.0
374,374.0,9.0,0.0,0.0,91.0
375,375.0,9.0,0.0,0.0,91.0
376,376.0,9.0,0.0,0.0,91.0
377,377.0,9.0,0.0,0.0,91.0
378,378.0,9.0,0.0,0.0,91.0
379,379.0,9.0,0.0,0.0,91.0
380,380.0,9.0,0.0,0.0,91.0
381,381.0,9.0,0.0,0.0,91.0
382,382.0,9.0,0.0,0.0,91.0
383,383.0,9.0,0.0,0.0,91.0
384,384.0,9.0,0.0,0.0,91.0
385,385.0,9.0,0.0,0.0,91.0
386,386.0,9.0,0.0,0.0,91.0
387,387.0,9.0,0.0,0.0,91.0
388,388.0,9.0,0.0,0.0,91.0
389,389.0,9.0,0.0,0.0,91.0
390,390.0,9.0,0.0,0.0,91.0
391,391.0,9.0,0.0,0.0,91.0
392,392.0,9.0,0.0,0.0,91.0
393,393.0,9.0,0.0,0.0,91.0
394,394.0,9.0,0.0,0.0,91.0
395,395.0,9.0,0.0,0.0,91.0
396,396.0,9.0,0.0,0.0,91.0
397,397.0,9.0,0.0,0.0,91.0
398,398.0,9.0,0.0,0.0,91.0
399,399.0,9.0,0.0,0.0,91.0
400,400.0,9.0,0.0,0.0,91.0
401,401.0,9.0,0.0,0.0,91.0
402,402.0,9.0,0.0,0.0,91.0
403,403.0,9.0,0.0,0.0,91.0
404,404.0,9.0,0.0,0.0,91.0
405,405.0,9.0,0.0,0.0,91.0
406,406.0,9.0,0.0,0.0,91.0
407,407.0,9.0,0.0,0.0,91.0
408,408.0,9.0,0.0,0.0,91.0
409,409.0,9.0,0.0,0.0,91.0
410,410.0,9.0,0.0,0.0,91.0
411,411.0,9.0,0.0,0.0,91.0
412,412.0,9.0,0.0,0.0,91.0
413,413.0,9.0,0.0,0.0,91.0
414,414.0,9.0,0.0,0.0,91.0
415,415.0,9.0,0.0,0.0,91.0
416,416.0,9.0,0.0,0.0,91.0
417,417.0,9.0,0.0,0.0,91.0
418,418.0,9.0,0.0,0.0,91.0
419,419.0,9.0,0.0,0.0,91.0
420,420.0,9.0,0.0,0.0,91.0
421,421.0,9.0,0.0,0.0,91.0
422,422.0,9.0,0.0,0.0,91.0
423,423.0,9.0,0.0,0.0,91.0
424,424.0,9.0,0.0,0.0,91.0
425,425.0,9.0,0.0,0.0,91.0
426,426.0,9.0,0.0,0.0,91.0
427,427.0,9.0,0.0,0.0,91.0
428,428.0,9.0,0.0,0.0,91.0
429,429.0,9.0,0.0,0.0,91.0
430,430.0,9.0,0.0,0.0,91.0
431,431.0,9.0,0.0,0.0,91.0
432,432.0,9.0,0.0,0.0,91.0
433,433.0,9.0,0.0,0.0,91.0
434,434.0,9.0,0.0,0.0,91.0
435,435.0,9.0,0.0,0.0,91.0
436,436.0,9.0,0.0,0.0,91.0
437,437.0,9.0,0.0,0.0,91.0
438,438.0,9.0,0.0,0.0,91.0
439,439.0,9.0,0.0,0.0,91.0
440,440.0,9.0,0.0,0.0,91.0
441,441.0,9.0,0.0,0.0,91.0
442,442.0,9.0,0.0,0.0,91.0
443,443.0,9.0,0.0,0.0,91.0
444,444.0,9.0,0.0,0.0,91.0
445,445.0,9.0,0.0,0.0,91.0
446,446.0,9.0,0.0,0.0,91.0
447,447.0,9.0,0.0,0.0,91.0
448,448.0,9.0,0.0,0.0,91.0
449,449.0,9.0,0.0,0.0,91.0
450,450.0,9.0,0.0,0.0,91.0
451,451.0,9.0,0.0,0.0,91.0
452,452.0,9.0,0.0,0.0,91.0
453,453.0,9.0,0.0,0.0,91.0
454,454.0,9.0,0.0,0.0,91.0
455,455.0,9.0,0.0,0.0,91.0
456,456.0,9.0,0.0,0.0,91.0
457,457.0,9.0,0.0,0.0,91.0
458,458.0,9.0,0.0,0.0,91.0
459,459.0,9.0,0.0,0.0,91.0
460,460.0,9.0,0.0,0.0,91.0
461,461.0,9.0,0.0,0.0,91.0
462,462.0,9.0,0.0,0.0,91.0
463,463.0,9.0,0.0,0.0,91.0
464,464.0,9.0,0.0,0.0,91.0
465,465.0,9.0,0.0,0.0,91.0
466,466.0,9.0,0.0,0.0,91.0
467,467.0,9.0,0.0,0.0,91.0
468,468.0,9.0,0.0,0.0,91.0
469,469.0,9.0,0.0,0.0,91.0
470,470.0,9.0,0.0,0.0,91.0
471,471.0,9.0,0.0,0.0,91.0
472,472.0,9.0,0.0,0.0,91.0
473,473.0,9.0,0.0,0.0,91.0
474,474.0,9.0,0.0,0.0,91.0
475,475.0,9.0,0.0,0.0,91.0
476,476.0,9.0,0.0,0.0,91.0
477,477.0,9.0,0.0,0.0,91.0
478,478.0,9.0,0.0,0.0,91.0
479,479.0,9.0,0.0,0.0,91.0
480,480.0,9.0,0.0,0.0,91.0
481,481.0,9.0,0.0,0.0,91.0
482,482.0,9.0,0.0,0.0,91.0
483,483.0,9.0,0.0,0.0,91.0
484,484.0,9.0,0.0,0.0,91.0
485,485.0,9.0,0.0,0.0,91.0
486,486.0,9.0,0.0,0.0,91.0
487,487.0,9.0,0.0,0.0,91.0
488,488.0,9.0,0.0,0.0,91.0
489,489.0,9.0,0.0,0.0,91.0
490,490.0,9.0,0.0,0.0,91.0
491,491.0,9.0,0.0,0.0,91.0
492,492.0,9.0,0.0,0.0,91.0
493,493.0,9.0,0.0,0.0,91.0
494,494.0,9.0,0.0,0.0,91.0
495,495.0,9.0,0.0,0.0,91.0
496,496.0,9.0,0.0,0.0,91.0
497,497.0,9.0,0.0,0.0,91.0
498,498.0,9.0,0.0,0.0,91.0
499,499.0,9.0,0.0,0.0,91.0
500,500.0,9.0,0.0,0.0,91.0
