Iter,Time,S,E,I,R
0,0.0,90.0,10.0,0.0,0.0
1,1.0,90.0,9.0,1.0,0.0
2,2.0,90.0,8.0,2.0,0.0
3,3.0,89.0,9.0,2.0,0.0
4,4.0,89.0,9.0,1.0,1.0
5,5.0,88.0,10.0,1.0,1.0
6,6.0,88.0,9.0,2.0,1.0
7,7.0,88.0,9.0,1.0,2.0
8,8.0,88.0,8.0,2.0,2.0
9,9.0,88.0,7.0,3.0,2.0
10,10.0,87.0,8.0,3.0,2.0
11,11.0,86.0,9.0,3.0,2.0
12,12.0,85.0,10.0,3.0,2.0
13,13.0,85.0,9.0,4.0,2.0
14,14.0,85.0,8.0,5.0,2.0
15,15.0,85.0,7.0,6.0,2.0
16,16.0,85.0,6.0,7.0,2.0
17,17.0,84.0,7.0,7.0,2.0
18,18.0,83.0,8.0,7.0,2.0
19,19.0,83.0,7.0,8.0,2.0
20,20.0,82.0,8.0,8.0,2.0
21,21.0,82.0,8.0,7.0,3.0
22,22.0,82.0,8.0,6.0,4.0
23,23.0,82.0,7.0,7.0,4.0
24,24.0,81.0,8.0,7.0,4.0
25,25.0,81.0,7.0,8.0,4.0
26,26.0,81.0,6.0,9.0,4.0
27,27.0,80.0,7.0,9.0,4.0
28,28.0,79.0,8.0,9.0,4.0
29,29.0,79.0,7.0,10.0,4.0
30,30.0,78.0,8.0,10.0,4.0
31,31.0,77.0,9.0,10.0,4.0
32,32.0,77.0,9.0,9.0,5.0
33,33.0,76.0,10.0,9.0,5.0
34,34.0,76.0,9.0,10.0,5.0
35,35.0,76.0,9.0,9.0,6.0
36,36.0,75.0,10.0,9.0,6.0
37,37.0,75.0,9.0,10.0,6.0
38,38.0,75.0,9.0,9.0,7.0
39,39.0,74.0,10.0,9.0,7.0
40,40.0,74.0,10.0,8.0,8.0
41,41.0,74.0,9.0,9.0,8.0
42,42.0,74.0,8.0,10.0,8.0
43,43.0,73.0,9.0,10.0,8.0
44,44.0,73.0,8.0,11.0,8.0
45,45.0,73.0,8.0,10.0,9.0
46,46.0,73.0,8.0,9.0,10.0
47,47.0,72.0,9.0,9.0,10.0
48,48.0,72.0,8.0,10.0,10.0
49,49.0,72.0,7.0,11.0,10.0
50,50.0,71.0,8.0,11.0,10.0
51,51.0,70.0,9.0,11.0,10.0
52,52.0,70.0,9.0,10.0,11.0
53,53.0,70.0,8.0,11.0,11.0
54,54.0,70.0,8.0,10.0,12.0
55,55.0,69.0,9.0,10.0,12.0
56,56.0,69.0,8.0,11.0,12.0
57,57.0,68.0,9.0,11.0,12.0
58,58.0,68.0,9.0,10.0,13.0
59,59.0,68.0,8.0,11.0,13.0
60,60.0,67.0,9.0,11.0,13.0
61,61.0,66.0,10.0,11.0,13.0
62,62.0,65.0,11.0,11.0,13.0
63,63.0,65.0,10.0,12.0,13.0
64,64.0,65.0,10.0,11.0,14.0
65,65.0,64.0,11.0,11.0,14.0
66,66.0,64.0,10.0,12.0,14.0
67,67.0,63.0,11.0,12.0,14.0
68,68.0,62.0,12.0,12.0,14.0
69,69.0,61.0,13.0,12.0,14.0
70,70.0,61.0,13.0,11.0,15.0
71,71.0,61.0,12.0,12.0,15.0
72,72.0,61.0,12.0,11.0,16.0
73,73.0,61.0,11.0,12.0,16.0
74,74.0,60.0,12.0,12.0,16.0
75,75.0,60.0,12.0,11.0,17.0
76,76.0,59.0,13.0,11.0,17.0
77,77.0,58.0,14.0,11.0,17.0
78,78.0,58.0,13.0,12.0,17.0
79,79.0,57.0,14.0,12.0,17.0
80,80.0,56.0,15.0,12.0,17.0
81,81.0,55.0,16.0,12.0,17.0
82,82.0,55.0,15.0,13.0,17.0
83,83.0,54.0,16.0,13.0,17.0
84,84.0,54.0,15.0,14.0,17.0
85,85.0,54.0,14.0,15.0,17.0
86,86.0,53.0,15.0,15.0,17.0
87,87.0,53.0,14.0,16.0,17.0
88,88.0,52.0,15.0,16.0,17.0
89,89.0,51.0,16.0,16.0,17.0
90,90.0,51.0,15.0,17.0,17.0
91,91.0,51.0,15.0,16.0,18.0
92,92.0,50.0,16.0,16.0,18.0
93,93.0,49.0,17.0,16.0,18.0
94,94.0,49.0,16.0,17.0,18.0
95,95.0,48.0,17.0,17.0,18.0
96,96.0,47.0,18.0,17.0,18.0
97,97.0,47.0,17.0,18.0,18.0
98,98.0,46.0,18.0,18.0,18.0
99,99.0,46.0,17.0,19.0,18.0
100,100.0,46.0,17.0,18.0,19.0
101,101.0,46.0,17.0,17.0,20.0
102,102.0,45.0,18.0,17.0,20.0
103,103.0,45.0,18.0,16.0,21.0
104,104.0,45.0,17.0,17.0,21.0
105,105.0,45.0,17.0,16.0,22.0
106,106.0,45.0,16.0,17.0,22.0
107,107.0,45.0,16.0,16.0,23.0
108,108.0,45.0,16.0,15.0,24.0
109,109.0,45.0,16.0,14.0,25.0
110,110.0,45.0,16.0,13.0,26.0
111,111.0,45.0,16.0,12.0,27.0
112,112.0,45.0,15.0,13.0,27.0
113,113.0,45.0,15.0,12.0,28.0
114,114.0,45.0,15.0,11.0,29.0
115,115.0,45.0,15.0,10.0,30.0
116,116.0,45.0,14.0,11.0,30.0
117,117.0,45.0,13.0,12.0,30.0
118,118.0,45.0,13.0,11.0,31.0
119,119.0,44.0,14.0,11.0,31.0
120,120.0,44.0,14.0,10.0,32.0
121,121.0,44.0,13.0,11.0,32.0
122,122.0,43.0,14.0,11.0,32.0
123,123.0,43.0,14.0,10.0,33.0
124,124.0,43.0,13.0,11.0,33.0
125,125.0,43.0,12.0,12.0,33.0
126,126.0,42.0,13.0,12.0,33.0
127,127.0,42.0,12.0,13.0,33.0
128,128.0,41.0,13.0,13.0,33.0
129,129.0,41.0,13.0,12.0,34.0
130,130.0,41.0,12.0,13.0,34.0
131,131.0,41.0,11.0,14.0,34.0
132,132.0,41.0,11.0,13.0,35.0
133,133.0,40.0,12.0,13.0,35.0
134,134.0,40.0,11.0,14.0,35.0
135,135.0,40.0,10.0,15.0,35.0
136,136.0,40.0,10.0,14.0,36.0
137,137.0,39.0,11.0,14.0,36.0
138,138.0,38.0,12.0,14.0,36.0
139,139.0,38.0,12.0,13.0,37.0
140,140.0,37.0,13.0,13.0,37.0
141,141.0,37.0,13.0,12.0,38.0
142,142.0,37.0,12.0,13.0,38.0
143,143.0,37.0,12.0,12.0,39.0
144,144.0,37.0,11.0,13.0,39.0
145,145.0,37.0,10.0,14.0,39.0
146,146.0,37.0,9.0,15.0,39.0
147,147.0,36.0,10.0,15.0,39.0
148,148.0,36.0,10.0,14.0,40.0
149,149.0,36.0,10.0,13.0,41.0
150,150.0,35.0,11.0,13.0,41.0
151,151.0,35.0,11.0,12.0,42.0
152,152.0,35.0,11.0,11.0,43.0
153,153.0,35.0,10.0,12.0,43.0
154,154.0,35.0,9.0,13.0,43.0
155,155.0,35.0,8.0,14.0,43.0
156,156.0,34.0,9.0,14.0,43.0
157,157.0,34.0,9.0,13.0,44.0
158,158.0,34.0,9.0,12.0,45.0
159,159.0,34.0,8.0,13.0,45.0
160,160.0,34.0,7.0,14.0,45.0
161,161.0,34.0,6.0,15.0,45.0
162,162.0,34.0,5.0,16.0,45.0
163,163.0,34.0,5.0,15.0,46.0
164,164.0,33.0,6.0,15.0,46.0
165,165.0,33.0,6.0,14.0,47.0
166,166.0,33.0,6.0,13.0,48.0
167,167.0,33.0,5.0,14.0,48.0
168,168.0,33.0,5.0,13.0,49.0
169,169.0,32.0,6.0,13.0,49.0
170,170.0,31.0,7.0,13.0,49.0
171,171.0,31.0,6.0,14.0,49.0
172,172.0,31.0,6.0,13.0,50.0
173,173.0,30.0,7.0,13.0,50.0
174,174.0,29.0,8.0,13.0,50.0
175,175.0,29.0,7.0,14.0,50.0
176,176.0,28.0,8.0,14.0,50.0
177,177.0,28.0,7.0,15.0,50.0
178,178.0,28.0,7.0,14.0,51.0
179,179.0,28.0,7.0,13.0,52.0
180,180.0,28.0,7.0,12.0,53.0
181,181.0,28.0,6.0,13.0,53.0
182,182.0,28.0,5.0,14.0,53.0
183,183.0,27.0,6.0,14.0,53.0
184,184.0,27.0,5.0,15.0,53.0
185,185.0,27.0,5.0,14.0,54.0
186,186.0,26.0,6.0,14.0,54.0
187,187.0,26.0,5.0,15.0,54.0
188,188.0,26.0,5.0,14.0,55.0
189,189.0,26.0,5.0,13.0,56.0
190,190.0,25.0,6.0,13.0,56.0
191,191.0,25.0,6.0,12.0,57.0
192,192.0,24.0,7.0,12.0,57.0
193,193.0,23.0,8.0,12.0,57.0
194,194.0,23.0,8.0,11.0,58.0
195,195.0,23.0,7.0,12.0,58.0
196,196.0,23.0,6.0,13.0,58.0
197,197.0,23.0,6.0,12.0,59.0
198,198.0,23.0,6.0,11.0,60.0
199,199.0,23.0,6.0,10.0,61.0
200,200.0,23.0,6.0,9.0,62.0
201,201.0,22.0,7.0,9.0,62.0
202,202.0,21.0,8.0,9.0,62.0
203,203.0,21.0,7.0,10.0,62.0
204,204.0,21.0,6.0,11.0,62.0
205,205.0,21.0,6.0,10.0,63.0
206,206.0,21.0,6.0,9.0,64.0
207,207.0,21.0,5.0,10.0,64.0
208,208.0,20.0,6.0,10.0,64.0
209,209.0,20.0,5.0,11.0,64.0
210,210.0,20.0,5.0,10.0,65.0
211,211.0,20.0,5.0,9.0,66.0
212,212.0,20.0,4.0,10.0,66.0
213,213.0,19.0,5.0,10.0,66.0
214,214.0,19.0,5.0,9.0,67.0
215,215.0,19.0,5.0,8.0,68.0
216,216.0,18.0,6.0,8.0,68.0
217,217.0,18.0,6.0,7.0,69.0
218,218.0,18.0,5.0,8.0,69.0
219,219.0,18.0,4.0,9.0,69.0
220,220.0,18.0,3.0,10.0,69.0
221,221.0,18.0,2.0,11.0,69.0
222,222.0,18.0,2.0,10.0,70.0
223,223.0,18.0,2.0,9.0,71.0
224,224.0,18.0,2.0,8.0,72.0
225,225.0,17.0,3.0,8.0,72.0
226,226.0,17.0,3.0,7.0,73.0
227,227.0,17.0,2.0,8.0,73.0
228,228.0,17.0,2.0,7.0,74.0
229,229.0,17.0,2.0,6.0,75.0
230,230.0,17.0,1.0,7.0,75.0
231,231.0,17.0,1.0,6.0,76.0
232,232.0,17.0,1.0,5.0,77.0
233,233.0,16.0,2.0,5.0,77.0
234,234.0,16.0,2.0,4.0,78.0
235,235.0,16.0,2.0,3.0,79.0
236,236.0,16.0,2.0,2.0,80.0
237,237.0,16.0,1.0,3.0,80.0
238,238.0,16.0,0.0,4.0,80.0
239,239.0,15.0,1.0,4.0,80.0
240,240.0,14.0,2.0,4.0,80.0
241,241.0,14.0,2.0,3.0,81.0
242,242.0,14.0,2.0,2.0,82.0
243,243.0,14.0,1.0,3.0,82.0
244,244.0,13.0,2.0,3.0,82.0
245,245.0,13.0,1.0,4.0,82.0
246,246.0,13.0,1.0,3.0,83.0
247,247.0,13.0,0.0,4.0,83.0
248,248.0,13.0,0.0,3.0,84.0
249,249.0,13.0,0.0,2.0,85.0
250,250.0,13.0,0.0,1.0,86.0
251,251.0,13.0,0.0,0.0,87.0
252,252.0,13.0,0.0,0.0,87.0
253,253.0,13.0,0.0,0.0,87.0
254,254.0,13.0,0.0,0.0,87.0
255,255.0,13.0,0.0,0.0,87.0
256,256.0,13.0,0.0,0.0,87.0
257,257.0,13.0,0.0,0.0,87.0
258,258.0,13.0,0.0,0.0,87.0
259,259.0,13.0,0.0,0.0,87.0
260,260.0,13.0,0.0,0.0,87.0
261,261.0,13.0,0.0,0.0,87.0
262,262.0,13.0,0.0,0.0,87.0
263,263.0,13.0,0.0,0.0,87.0
264,264.0,13.0,0.0,0.0,87.0
265,265.0,13.0,0.0,0.0,87.0
266,266.0,13.0,0.0,0.0,87.0
267,267.0,13.0,0.0,0.0,87.0
268,268.0,13.0,0.0,0.0,87.0
269,269.0,13.0,0.0,0.0,87.0
270,270.0,13.0,0.0,0.0,87.0
271,271.0,13.0,0.0,0.0,87.0
272,272.0,13.0,0.0,0.0,87.0
273,273.0,13.0,0.0,0.0,87.0
274,274.0,13.0,0.0,0.0,87.0
275,275.0,13.0,0.0,0.0,87.0
276,276.0,13.0,0.0,0.0,87.0
277,277.0,13.0,0.0,0.0,87.0
278,278.0,13.0,0.0,0.0,87.0
279,279.0,13.0,0.0,0.0,87.0
280,280.0,13.0,0.0,0.0,87.0
281,281.0,13.0,0.0,0.0,87.0
282,282.0,13.0,0.0,0.0,87.0
283,283.0,13.0,0.0,0.0,87.0
284,284.0,13.0,0.0,0.0,87.0
285,285.0,13.0,0.0,0.0,87.0
286,286.0,13.0,0.0,0.0,87.0
287,287.0,13.0,0.0,0.0,87.0
288,288.0,13.0,0.0,0.0,87.0
289,289.0,13.0,0.0,0.0,87.0
290,290.0,13.0,0.0,0.0,87.0
291,291.0,13.0,0.0,0.0,87.0
292,292.0,13.0,0.0,0.0,87.0
293,293.0,13.0,0.0,0.0,87.0
294,294.0,13.0,0.0,0.0,87.0
295,295.0,13.0,0.0,0.0,87.0
296,296.0,13.0,0.0,0.0,87.0
297,297.0,13.0,0.0,0.0,87.0
298,298.0,13.0,0.0,0.0,87.0
299,299.0,13.0,0.0,0.0,87.0
300,300.0,13.0,0.0,0.0,87.0
301,301.0,13.0,0.0,0.0,87.0
302,302.0,13.0,0.0,0.0,87.0
303,303.0,13.0,0.0,0.0,87.0
304,304.0,13.0,0.0,0.0,87.0
305,305.0,13.0,0.0,0.0,87.0
306,306.0,13.0,0.0,0.0,87.0
307,307.0,13.0,0.0,0.0,87.0
308,308.0,13.0,0.0,0.0,87.0
309,309.0,13.0,0.0,0.0,87.0
310,310.0,13.0,0.0,0.0,87.0
311,311.0,13.0,0.0,0.0,87.0
312,312.0,13.0,0.0,0.0,87.0
313,313.0,13.0,0.0,0.0,87.0
314,314.0,13.0,0.0,0.0,87.0
315,315.0,13.0,0.0,0.0,87.0
316,316.0,13.0,0.0,0.0,87.0
317,317.0,13.0,0.0,0.0,87.0
318,318.0,13.0,0.0,0.0,87.0
319,319.0,13.0,0.0,0.0,87.0
320,320.0,13.0,0.0,0.0,87.0
321,321.0,13.0,0.0,0.0,87.0
322,322.0,13.0,0.0,0.0,87.0
323,323.0,13.0,0.0,0.0,87.0
324,324.0,13.0,0.0,0.0,87.0
325,325.0,13.0,0.0,0.0,87.0
326,326.0,13.0,0.0,0.0,87.0
327,327.0,13.0,0.0,0.0,87.0
328,328.0,13.0,0.0,0.0,87.0
329,329.0,13.0,0.0,0.0,87.0
330,330.0,13.0,0.0,0.0,87.0
331,331.0,13.0,0.0,0.0,87.0
332,332.0,13.0,0.0,0.0,87.0
333,333.0,13.0,0.0,0.0,87.0
334,334.0,13.0,0.0,0.0,87.0
335,335.0,13.0,0.0,0.0,87.0
336,336.0,13.0,0.0,0.0,87.0
337,337.0,13.0,0.0,0.0,87.0
338,338.0,13.0,0.0,0.0,87.0
339,339.0,13.0,0.0,0.0,87.0
340,340.0,13.0,0.0,0.0,87.0
341,341.0,13.0,0.0,0.0,87.0
342,342.0,13.0,0.0,0.0,87.0
343,343.0,13.0,0.0,0.0,87.0
344,344.0,13.0,0.0,0.0,87.0
345,345.0,13.0,0.0,0.0,87.0
346,346.0,13.0,0.0,0.0,87.0
347,347.0,13.0,0.0,0.0,87.0
348,348.0,13.0,0.0,0.0,87.0
349,349.0,13.0,0.0,0.0,87.0
350,350.0,13.0,0.0,0.0,87.0
351,351.0,13.0,0.0,0.0,87.0
352,352.0,13.0,0.0,0.0,87.0
353,353.0,13.0,0.0,0.0,87.0
354,354.0,13.0,0.0,0.0,87.0
355,355.0,13.0,0.0,0.0,87.0
356,356.0,13.0,0.0,0.0,87.0
357,357.0,13.0,0.0,0.0,87.0
358,358.0,13.0,0.0,0.0,87.0
359,359.0,13.0,0.0,0.0,87.0
360,360.0,13.0,0.0,0.0,87.0
361,361.0,13.0,0.0,0.0,87.0
362,362.0,13.0,0.0,0.0,87.0
363,363.0,13.0,0.0,0.0,87.0
364,364.0,13.0,0.0,0.0,87.0
365,365.0,13.0,0.0,0.0,87.0
366,366.0,13.0,0.0,0.0,87.0
367,367.0,13.0,0.0,0.0,87.0
368,368.0,13.0,0.0,0.0,87.0
369,369.0,13.0,0.0,0.0,87.0
370,370.0,13.0,0.0,0.0,87.0
371,371.0,13.0,0.0,0.0,87.0
372,372.0,13.0,0.0,0.0,87.0
373,373.0,13.0,0.0,0.0,87.0
374,374.0,13.0,0.0,0.0,87.0
375,375.0,13.0,0.0,0.0,87.0
376,376.0,13.0,0.0,0.0,87.0
377,377.0,13.0,0.0,0.0,87.0
378,378.0,13.0,0.0,0.0,87.0
379,379.0,13.0,0.0,0.0,87.0
380,380.0,13.0,0.0,0.0,87.0
381,381.0,13.0,0.0,0.0,87.0
382,382.0,13.0,0.0,0.0,87.0
383,383.0,13.0,0.0,0.0,87.0
384,384.0,13.0,0.0,0.0,87.0
385,385.0,13.0,0.0,0.0,87.0
386,386.0,13.0,0.0,0.0,87.0
387,387.0,13.0,0.0,0.0,87.0
388,388.0,13.0,0.0,0.0,87.0
389,389.0,13.0,0.0,0.0,87.0
390,390.0,13.0,0.0,0.0,87.0
391,391.0,13.0,0.0,0.0,87.0
392,392.0,13.0,0.0,0.0,87.0
393,393.0,13.0,0.0,0.0,87.0
394,394.0,13.0,0.0,0.0,87.0
395,395.0,13.0,0.0,0.0,87.0
396,396.0,13.0,0.0,0.0,87.0
397,397.0,13.0,0.0,0.0,87.0
398,398.0,13.0,0.0,0.0,87.0
399,399.0,13.0,0.0,0.0,87.0
400,400.0,13.0,0.0,0.0,87.0
401,401.0,13.0,0.0,0.0,87.0
402,402.0,13.0,0.0,0.0,87.0
403,403.0,13.0,0.0,0.0,87.0
404,404.0,13.0,0.0,0.0,87.0
405,405.0,13.0,0.0,0.0,87.0
406,406.0,13.0,0.0,0.0,87.0
407,407.0,13.0,0.0,0.0,87.0
408,408.0,13.0,0.0,0.0,87.0
409,409.0,13.0,0.0,0.0,87.0
410,410.0,13.0,0.0,0.0,87.0
411,411.0,13.0,0.0,0.0,87.0
412,412.0,13.0,0.0,0.0,87.0
413,413.0,13.0,0.0,0.0,87.0
414,414.0,13.0,0.0,0.0,87.0
415,415.0,13.0,0.0,0.0,87.0
416,416.0,13.0,0.0,0.0,87.0
417,417.0,13.0,0.0,0.0,87.0
418,418.0,13.0,0.0,0.0,87.0
419,419.0,13.0,0.0,0.0,87.0
420,420.0,13.0,0.0,0.0,87.0
421,421.0,13.0,0.0,0.0,87.0
422,422.0,13.0,0.0,0.0,87.0
423,423.0,13.0,0.0,0.0,87.0
424,424.0,13.0,0.0,0.0,87.0
425,425.0,13.0,0.0,0.0,87.0
426,426.0,13.0,0.0,0.0,87.0
427,427.0,13.0,0.0,0.0,87.0
428,428.0,13.0,0.0,0.0,87.0
429,429.0,13.0,0.0,0.0,87.0
430,430.0,13.0,0.0,0.0,87.0
431,431.0,13.0,0.0,0.0,87.0
432,432.0,13.0,0.0,0.0,87.0
433,433.0,13.0,0.0,0.0,87.0
434,434.0,13.0,0.0,0.0,87.0
435,435.0,13.0,0.0,0.0,87.0
436,436.0,13.0,0.0,0.0,87.0
437,437.0,13.0,0.0,0.0,87.0
438,438.0,13.0,0.0,0.0,87.0
439,439.0,13.0,0.0,0.0,87.0
440,440.0,13.0,0.0,0.0,87.0
441,441.0,13.0,0.0,0.0,87.0
442,442.0,13.0,0.0,0.0,87.0
443,443.0,13.0,0.0,0.0,87.0
444,444.0,13.0,0.0,0.0,87.0
445,445.0,13.0,0.0,0.0,87.0
446,446.0,13.0,0.0,0.0,87.0
447,447.0,13.0,0.0,0.0,87.0
448,448.0,13.0,0.0,0.0,87.0
449,449.0,13.0,0.0,0.0,87.0
450,450.0,13.0,0.0,0.0,87.0
451,451.0,13.0,0.0,0.0,87.0
452,452.0,13.0,0.0,0.0,87.0
453,453.0,13.0,0.0,0.0,87.0
454,454.0,13.0,0.0,0.0,87.0
455,455.0,13.0,0.0,0.0,87.0
456,456.0,13.0,0.0,0.0,87.0
457,457.0,13.0,0.0,0.0,87.0
458,458.0,13.0,0.0,0.0,87.0
459,459.0,13.0,0.0,0.0,87.0
460,460.0,13.0,0.0,0.0,87.0
461,461.0,13.0,0.0,0.0,87.0
462,462.0,13.0,0.0,0.0,87.0
463,463.0,13.0,0.0,0.0,87.0
464,464.0,13.0,0.0,0.0,87.0
465,465.0,13.0,0.0,0.0,87.0
466,466.0,13.0,0.0,0.0,87.0
467,467.0,13.0,0.0,0.0,87.0
468,468.0,13.0,0.0,0.0,87.0
469,469.0,13.0,0.0,0.0,87.0
470,470.0,13.0,0.0,0.0,87.0
471,471.0,13.0,0.0,0.0,87.0
472,472.0,13.0,0.0,0.0,87.0
473,473.0,13.0,0.0,0.0,87.0
474,474.0,13.0,0.0,0.0,87.0
475,475.0,13.0,0.0,0.0,87.0
476,476.0,13.0,0.0,0.0,87.0
477,477.0,13.0,0.0,0.0,87.0
478,478.0,13.0,0.0,0.0,87.0
479,479.0,13.0,0.0,0.0,87.0
480,480.0,13.0,0.0,0.0,87.0
481,481.0,13.0,0.0,0.0,87.0
482,482.0,13.0,0.0,0.0,87.0
483,483.0,13.0,0.0,0.0,87.0
484,484.0,13.0,0.0,0.0,87.0
485,485.0,13.0,0.0,0.0,87.0
486,486.0,13.0,0.0,0.0,87.0
487,487.0,13.0,0.0,0.0,87.0
488,488.0,13.0,0.0,0.0,87.0
489,489.0,13.0,0.0,0.0,87.0
490,490.0,13.0,0.0,0.0,87.0
491,491.0,13.0,0.0,0.0,87.0
492,492.0,13.0,0.0,0.0,87.0
493,493.0,13.0,0.0,0.0,87.0
494,494.0,13.0,0.0,0.0,87.0
495,495.0,13.0,0.0,0.0,87.0
496,496.0,13.0,0.0,0.0,87.0
497,497.0,13.0,0.0,0.0,87.0
498,498.0,13.0,0.0,0.0,87.0
499,499.0,13.0,0.0,0.0,87.0
500,500.0,13.0,0.0,0.0,87.0
